32 1 2 3 4 5 6 7 8 9 10 11 
1 254 61 254 61 254 61 254 61 254 61 254 
2 32 32 32 32 32 32 32 32 32 32 32 
3 254 32 254 32 254 32 254 32 254 32 254 
4 186 32 186 32 32 32 32 32 32 32 32 
5 254 32 254 32 254 32 254 32 254 32 254 
6 32 32 32 32 32 32 32 32 32 32 32 
7 254 32 254 32 254 32 254 32 254 32 254 
8 186 32 32 32 32 32 32 32 32 32 32 
9 254 32 254 32 254 32 254 32 254 32 254 
10 186 32 32 32 32 32 32 32 32 32 32 
11 254 32 254 32 254 32 254 32 254 32 254 
0 0 0 0 0 0 0 0 0 0 0 0 
0 0 1 0 -1 0 1 0 1 0 -1 0 
0 0 0 0 0 0 0 0 0 0 0 0 
0 0 0 0 0 0 0 0 0 0 0 0 
0 -1 0 1 0 0 0 0 0 0 0 0 
0 0 0 0 0 0 0 0 0 0 0 0 
0 0 0 0 0 0 0 0 0 0 0 0 
0 0 0 0 0 0 0 0 0 0 0 0 
0 -1 0 0 0 0 0 0 0 0 0 0 
0 0 0 0 0 0 0 0 0 0 0 0 
0 1 0 0 0 0 0 0 0 0 0 0 
0 0 0 0 0 0 0 0 0 0 0 0 
51
25
0
1
5
0
4
0
9
