32 1 2 3 4 5 6 7 8 9 10 11 
1 254 61 254 61 254 61 254 32 254 32 254 
2 32 32 32 32 32 32 32 32 32 32 32 
3 254 61 254 61 254 61 254 32 254 32 254 
4 32 32 32 32 32 32 32 32 32 32 32 
5 254 61 254 32 254 32 254 32 254 32 254 
6 32 32 32 32 32 32 32 32 32 32 32 
7 254 61 254 32 254 61 254 32 254 32 254 
8 32 32 32 32 32 32 32 32 32 32 32 
9 254 61 254 32 254 32 254 32 254 32 254 
10 186 32 32 32 32 32 32 32 32 32 186 
11 254 32 254 32 254 32 254 32 254 32 254 
0 0 0 0 0 0 0 0 0 0 0 0 
0 0 1 0 1 0 1 0 0 0 0 0 
0 0 0 0 0 0 0 0 0 0 0 0 
0 0 -1 0 -1 0 -1 0 0 0 0 0 
0 0 0 0 0 0 0 0 0 0 0 0 
0 0 -1 0 0 0 0 0 0 0 0 0 
0 0 0 0 0 0 0 0 0 0 0 0 
0 0 -1 0 0 0 1 0 0 0 0 0 
0 0 0 0 0 0 0 0 0 0 0 0 
0 0 -1 0 0 0 0 0 0 0 0 0 
0 1 0 0 0 0 0 0 0 0 0 1 
0 0 0 0 0 0 0 0 0 0 0 0 
48
25
1
0
6
0
6
0
12
