32 1 2 3 4 5 6 7 8 9 10 11 
1 254 61 254 61 254 61 254 61 254 61 254 
2 186 66 186 66 186 66 186 66 186 66 186 
3 254 61 254 61 254 61 254 61 254 61 254 
4 186 66 186 66 186 32 32 32 32 32 32 
5 254 61 254 61 254 32 254 61 254 32 254 
6 186 66 186 32 32 32 32 32 32 32 32 
7 254 61 254 32 254 32 254 32 254 32 254 
8 186 32 32 32 32 32 32 32 32 32 32 
9 254 32 254 32 254 32 254 32 254 32 254 
10 186 32 32 32 32 32 32 32 32 32 32 
11 254 61 254 61 254 61 254 61 254 61 254 
0 0 0 0 0 0 0 0 0 0 0 0 
0 0 -1 0 -1 0 -1 0 -1 0 1 0 
0 1 -1 -1 -1 -1 -1 -1 -1 -1 -1 -1 
0 0 -1 0 -1 0 -1 0 1 0 -1 0 
0 1 -1 -1 -1 -1 0 0 0 0 0 0 
0 0 -1 0 -1 0 0 0 -1 0 0 0 
0 1 -1 -1 0 0 0 0 0 0 0 0 
0 0 -1 0 0 0 0 0 0 0 0 0 
0 1 0 0 0 0 0 0 0 0 0 0 
0 0 0 0 0 0 0 0 0 0 0 0 
0 1 0 0 0 0 0 0 0 0 0 0 
0 0 1 0 1 0 1 0 1 0 1 0 
28
17
1
0
12
0
20
8
32
